98
92
93
93
91
93
91
91
89
90
93
90
89
89
85
88
87
87
88
95
87
85
86
85
81
87
79
80
83
81
81
79
79
83
86
78
78
81
81
79
79
84
86
89
75
74
77
75
75
79
74
70
73
77
69
72
75
78
81
73
76
79
71
70
73
73
76
71
71
74
80
72
75
76
68
71
71
66
69
69
69
70
70
76
66
66
70
70
76
68
71
69
69
67
73
68
63
64
70
62
65
71
74
66
64
70
68
71
71
69
67
65
65
72
64
59
65
61
54
72
53
61
53
51
67
53
59
54
53
51
54
49
88
49
52
45
72
73
45
56
62
37
59
83
32
34
64
57
43
23
52
45
45
32
39
10
25
11
79
93
67
50
59
78
72
72
79
65
78
88
74
82
53
78
93
97
41
75
82
69
84
86
70
54
88
65
76
79
83
79
47
81
75
79
72
89
71
87
75
71
57
76
72
75
86
76
17
78
56
75
53
82
87
61
59
62
74
95
72
73
82
53
65
75
78
50
44
70
71
88
73
73
67
93
74
67
23
66
84
91
69
79
51
49
74
66
70
87
80
81
79
67
90
64
89
67
97
82
81
87
91
67
74
51
64
83
79
83
82
83
76
87
70
95
83
65
86
80
85
69
81
55
87
87
67
87
63
79
67
71
54
73
71
97
79
71
85
49
88
67
93
83
84
83
68
45
85
100
66
69
48
75
75
70
69
73
73
63
65
89
89
84
83
77
87
85
76
67
69
71
61
73
46
79
78
79
96
69
70
70
43
62
92
40
66
65
75
87
69
81
53
53
74
74
87
84
85
81
73
81
86
71
78
71
86
76
66
87
61
48
70
74
62
75
80
67
66
81
88
87
70
58
79
82
83
83
87
93
92
80
72
82
83
86
43
63
74
81
73
83
78
60
84
66
31
75
69
84
84
92
78
91
67
72
66
63
82
71
59
69
79
82
90
66
44
82
77
65
83
62
76
71
68
52
87
61
74
47
86
70
83
73
76
47
57
77
90
62
63
78
79
80
69
74
44
82
59
61
81
80
88
77
71
57
64
74
74
76
69
59
87
64
93
45
60
100
82
78
84
90
73
60
86
88
84
88
72
75
74
88
60
53
69
72
50
70
73
78
76
62
74
99
97
75
78
64
84
48
79
78
73
65
81
53
84
88
81
81
87
71
62
77
0
90
44
66
90
79
84
93
79
80
68
75
84
85
71
70
63
77
64
79
76
77
75
65
72
63
83
84
62
59
65
68
76
69
81
74
77
74
75
89
65
79
56
77
85
86
70
89
84
70
80
77
67
73
84
81
78
63
59
91
76
87
68
85
80
75
88
83
77
89
73
69
87
86
84
88
79
85
74
54
66
83
52
70
69